0 0 bt41zzz 1
0 0 ct13 1
1 0 b030zzz 1
1 0 bt02 1
1 0 3e1m39z 1
1 0 0tcb 1
1 0 b03bzzz 1
1 0 0ty1 1
1 0 0270 1
2 0 bw21 1
2 0 bw03zzz 1
2 0 0vtb 1
2 0 0vjd 1
2 0 bv44zzz 1
2 0 0vbb 1
3 0 bw25 1
3 0 0vbb 1
3 0 bw03zzz 1
3 0 bv44zzz 1
3 0 0vt90zz 1
3 0 0vbb3zx 1
3 0 0t9d 1
4 0 bv44zzz 1
4 0 bw03zzz 1
4 0 bw21 1
5 0 bv4bzzz 1
6 0 bw24 1
7 0 bt4jzzz 1
7 0 bt43zzz 1
7 0 0ft4 1
7 0 0tbb 1
7 0 0tbb8zz 1
7 0 bw21 1
8 0 0d1b 1
8 0 0dte 1
8 0 0vttxzz 1
9 0 bt49zzz 1
9 0 0ty0 1
9 0 bt43zzz 1
9 0 3e1m39z 1
9 0 5a1d00z 1
9 0 bt33zzz 1
10 0 bt20 1
10 0 bt4jzzz 1
10 0 0tbb8zz 1
10 0 0tjb8zz 1
10 0 bt10 1
11 0 0t1b 1
11 0 bw03zzz 1
11 0 bw21 1
11 0 0vbs 1
12 0 bt10 1
12 0 bg32 1
12 0 bt4jzzz 1
12 0 bw20 1
13 0 0tjb8zz 1
13 0 bw40zzz 1
13 0 0tbb8zz 1
14 0 0vtb0zz 1
14 0 bw03zzz 1
14 0 bv44zzz 1
14 0 0vtb 1
14 0 0vrb0jz 1
15 0 n28.1 1
15 0 bt23 1
15 0 0t90 1
15 0 0tf4xzz 1
15 0 bt01 1
15 0 bt41zzz 1
16 0 0ut2 1
16 0 0ut7 1
16 0 bw21 1
16 0 0ut9 1
16 0 0tt0 1
17 0 bt4jzzz 1
17 0 br0czzz 1
17 0 10a07zz 1
17 0 0t9b80z 1
17 0 0tcb 1
17 0 10e0xzz 1
18 0 bv44zzz 1
18 0 0vt9 1
19 0 bt47zzz 1
19 0 bt42zzz 1
19 0 cp15 1
19 0 bw03zzz 1
19 0 0tt1 1
19 0 5a1221z 1
19 0 0tt10zz 1
19 0 br29 1
19 0 bw21 1
20 0 0gbh3zx 1
20 0 bg44zzz 1
20 0 0gth 1
20 0 cg12 1
20 0 0tt0 1
21 0 0vt90zz 1
21 0 0vb9 1
21 0 bv44zzz 1
22 0 0dj68zz 1
22 0 bv44zzz 1
22 0 0vtb0zz 1
22 0 bv35 1
22 0 0djd8zz 1
22 0 bw2g 1
23 0 bt33 1
23 0 bw21 1
23 0 0tt1 1
23 0 bt42zzz 1
23 0 0tt7 1
23 0 bt22 1
23 0 bt04 1
24 0 0tub 1
24 0 0t9b 1
24 0 bw25 1
24 0 bw3g 1
24 0 0tjb 1
24 0 r33.9 1
24 0 0tbb 1
24 0 bt40zzz 1
24 0 bw24 1
25 0 0vt9 1
25 0 bw20zzz 1
25 0 0djdxzz 1
25 0 3e03329 1
25 0 bw20 1
26 0 bv37 1
27 0 10d0 1
27 0 br3c 1
27 0 0tjb8zz 1
27 0 0t1b 1
28 0 0tb0 1
28 0 bg24 1
28 0 0gtk 1
28 0 0cts 1
28 0 cw7ggzz 1
28 0 bw20 1
28 0 bt41zzz 1
29 0 bv44zzz 1
29 0 10e0xzz 1
30 0 bt21 1
30 0 bw30 1
30 0 bw21 1
30 0 bt43 1
30 0 bw30yzz 1
30 0 bt41zzz 1
30 0 bt43zzz 1
31 0 bw21 1
31 0 bt43zzz 1
31 0 4a02x4z 1
31 0 bw20 1
32 0 0vt3 1
32 0 0vt0 1
32 0 bt43 1
32 0 0tjb8zz 1
32 0 0tbb 1
32 0 bt43zzz 1
32 0 0trb 1
32 0 bt23 1
32 0 0212 1
32 0 0ttb 1
32 0 bt20 1
33 0 bt4j 1
33 0 10e0xzz 1
34 0 0t93 1
34 0 0t76 1
34 0 0tt0 1
34 0 0tf3xzz 1
34 0 btj9 1
34 0 bt14 1
35 0 bw00zzz 1
35 0 bt1b 1
35 0 bw21 1
35 0 0wjg 1
35 0 bt10 1
35 0 bt12 1
35 0 bt32 1
35 0 bw3g 1
36 0 0v90 1
36 0 0v9030z 1
36 0 bw40zzz 1
36 0 bt40zzz 1
37 0 bv44zzz 1
38 0 5a1d 1
38 0 0ttb 1
38 0 bw03zzz 1
38 0 b020 1
38 0 4a00 1
38 0 bw40zzz 1
38 0 0tbb8zz 1
38 0 0tjb8zz 1
39 0 0t9b70z 1
39 0 0v900zz 1
39 0 0v90 1
39 0 bw21 1
39 0 009u3zx 1
39 0 0t9b30z 1
39 0 0djd7zz 1
39 0 br39 1
39 0 b246zz4 1
40 0 bw20 1
40 0 0tt0 1
40 0 bt11 1
40 0 bw2g 1
40 0 0tt00zz 1
40 0 0tt6 1
40 0 0tt60zz 1
41 0 bw20 1
41 0 0wbf0zz 1
41 0 bw21 1
42 0 bv44zzz 1
42 0 0vtb0zz 1
42 0 0vt90zz 1
43 0 0vtb 1
43 0 bw25 1
43 0 0vt9 1
43 0 0vtb0zz 1
43 0 bv44zzz 1
43 0 0dtj 1
44 0 bt22 1
44 0 bt42zzz 1
44 0 0tf4xzz 1
45 0 0tf4 1
45 0 bt22 1
45 0 0t9330z 1
45 0 0tf3 1
46 0 0vb0 1
46 0 bw25 1
46 0 0djd7zz 1
46 0 bv49zzz 1
47 0 0t9b 1
48 0 0bh1 1
48 0 5a19 1
48 0 bw03zzz 1
49 0 0bh1 1
49 0 5a1d00z 1
49 0 bw03zzz 1
49 0 5a19 1
50 0 bw20 1
50 0 0djd8zz 1
50 0 0bh1 1
51 0 bw20 1
51 0 5a1d 1
52 0 10d0 1
52 0 b020 1
52 0 b33r 1
52 0 br30 1
53 0 0bh1 1
53 0 5a19 1
53 0 5a1945z 1
53 0 bw03zzz 1
53 0 bp2w 1
54 0 0bh1 1
54 0 b31r 1
54 0 0b91 1
54 0 0b11 1
54 0 5a19 1
54 0 b030 1
54 0 5a09 1
54 0 0096 1
54 0 b020 1
55 0 bt43zzz 1
56 0 5a1d 1
56 0 bt43zzz 1
57 0 0bj08zz 1
57 0 bw25 1
57 0 07b73zx 1
57 0 bt43zzz 1
57 0 l92.9 1
58 0 5a1d 1
58 0 0bh1 1
59 0 bh02zzz 1
59 0 bg43zzz 1
59 0 5a1d00z 1
60 0 4a02x4z 1
60 0 5a1d 1
60 0 5a19 1
60 0 047a 1
60 0 bw20 1
61 0 0dbp8zx 1
61 0 bw40zzz 1
61 0 bt43zzz 1
61 0 0dbb8zx 1
61 0 bw03zzz 1
62 0 bw40zzz 1
62 0 bw21 1
62 0 3e0t3cz 1
63 0 6a550z3 1
64 0 0ft4 1
64 0 0f94 1
65 0 0ft44zz 1
66 0 5a19 1
66 0 bw24 1
66 0 0d1b 1
66 0 3e0436z 1
66 0 bw03zzz 1
66 0 b246zzz 1
66 0 bn20 1
66 0 0b11 1
67 0 0djd8zz 1
67 0 3e0g76z 1
67 0 0dha 1
67 0 0db60zz 1
67 0 0db6 1
68 0 du11 1
68 0 3e0436z 1
68 0 0dtc 1
69 0 0djdxzz 1
69 0 0db9 1
69 0 0dbe 1
69 0 bw40zzz 1
69 0 0dj68zz 1
69 0 0djd8zz 1
69 0 bn20 1
69 0 bw03zzz 1
70 0 bw03zzz 1
70 0 4a02x4z 1
70 0 bw24 1
70 0 3e0f7sf 1
71 0 0f90 1
71 0 bw03zzz 1
71 0 bw20 1
71 0 0djd8zz 1
72 0 3e0t3cz 1
72 0 bn20 1
72 0 0dtj 1
72 0 0dbm8zx 1
72 0 bw03zzz 1
72 0 b246zzz 1
72 0 0djd8zz 1
72 0 bw21 1
72 0 bw20 1
73 0 bf37 1
73 0 bw20 1
73 0 0djd8zz 1
73 0 0dj68zz 1
73 0 bw40zzz 1
73 0 bf11 1
74 0 09bk 1
74 0 2y41x5z 1
74 0 bw29 1
74 0 bw24 1
75 0 02rf 1
75 0 b246zz4 1
75 0 bw03zzz 1
75 0 cw14lzz 1
75 0 b902zzz 1
76 0 0s9c 1
76 0 bq07 1
76 0 bw40zzz 1
76 0 bw03zzz 1
77 0 bw24 1
78 0 b020 1
78 0 07tp 1
78 0 bw03zzz 1
78 0 b030 1
79 0 0cb3 1
79 0 0cb2 1
79 0 0cb4 1
79 0 bw40zzz 1
79 0 bw20 1
79 0 bf35 1
80 0 0cb7 1
81 0 08j0xzz 1
81 0 08j1xzz 1
81 0 10d0 1
82 0 3e0436z 1
82 0 08j1xzz 1
83 0 08b9xzz 1
84 0 b837 1
84 0 b836 1
85 0 08j1xzz 1
86 0 bn23 1
87 0 08j1xzz 1
87 0 08j0xzz 1
88 0 4a07x0z 1
88 0 bn20 1
88 0 0b11 1
88 0 4a00 1
88 0 0bh1 1
88 0 10e0xzz 1
88 0 b040zzz 1
89 0 08r0 1
89 0 b845zzz 1
90 0 08j0xzz 1
91 0 08j1xzz 1
91 0 08j0xzz 1
91 0 4a00x4z 1
91 0 b020 1
92 0 bn23 1
92 0 08bp0zx 1
93 0 b532 1
93 0 4a07x0z 1
93 0 057l 1
93 0 bn23 1
93 0 009u3zx 1
94 0 3e0t3cz 1
95 0 dw01 1
95 0 08bsxzx 1
95 0 08bn 1
95 0 dw11 1
95 0 08bq 1
96 0 08j1xzz 1
97 0 4a07x0z 1
98 0 08j1xzz 1
98 0 0tt1 1
99 0 b34vzzz 1
100 0 4a07x0z 1
100 0 08rk3jz 1
101 0 009u3zx 1
101 0 08bsxzx 1
101 0 08j1xzz 1
101 0 08j0xzz 1
102 0 08j1xzz 1
102 0 4a07x0z 1
102 0 3e0c3gc 1
102 0 08j0xzz 1
103 0 bw20 1
103 0 0y6h 1
103 0 5a19 1
103 0 bw40zzz 1
103 0 5a1d 1
103 0 bw03zzz 1
104 0 0hre 1
104 0 031b093 1
104 0 b34jzzz 1
105 0 01qg 1
105 0 01xg 1
106 0 0jh8 1
107 0 bu39 1
107 0 8e0zxy1 1
108 0 0hb7xzz 1
108 0 0jh8 1
108 0 5a1d00z 1
108 0 0hr7x74 1
109 0 0h0t 1
109 0 0hru075 1
109 0 0hru 1
109 0 07t60zz 1
109 0 0jh6 1
109 0 0hpu 1
109 0 0htu0zz 1
109 0 0hrv077 1
110 0 0rgl 1
110 0 0pbh 1
111 0 bn23 1
111 0 080p 1
112 0 0vbs 1
112 0 0t9b70z 1
112 0 0v9s 1
113 0 b34jzzz 1
113 0 0phf 1
113 0 0kxh 1
113 0 3e0t3cz 1
113 0 0hx5xzz 1
114 0 09bk 1
114 0 bn20 1
114 0 4a00x4z 1
114 0 10d0 1
115 0 br09zzz 1
115 0 br29 1
115 0 br39 1
115 0 0jh6 1
115 0 0vb0 1
115 0 bv23 1
116 0 bp0pzzz 1
116 0 0rgr 1
116 0 bp3myzz 1
116 0 bp2p 1
117 0 bb24 1
117 0 b030 1
117 0 00b1 1
117 0 cw1n1zz 1
117 0 bw24 1
117 0 bw03zzz 1
118 0 bw2g 1
118 0 07b6 1
118 0 cp16yzz 1
118 0 bq24 1
118 0 0xb5 1
118 0 0qb7 1
118 0 cp161zz 1
119 0 bh42zzz 1
119 0 bh02zzz 1
119 0 0hbu 1
119 0 0hbu3zx 1
120 0 07dr 1
120 0 bv49zzz 1
120 0 bw24 1
120 0 bg44zzz 1
120 0 bv44zzz 1
120 0 0gbg 1
120 0 bw40zzz 1
120 0 0dj68zz 1
120 0 bd14yzz 1
121 0 bw30 1
121 0 0db6 1
121 0 cp1yyzz 1
121 0 0dj68zz 1
122 0 b030 1
122 0 00b0 1
122 0 00bc0zz 1
122 0 b020 1
122 0 0nb0 1
122 0 bn20 1
123 0 07dq 1
123 0 bw24 1
123 0 bw03zzz 1
123 0 0wbc3zx 1
123 0 0pbb 1
123 0 0pb0 1
123 0 cp1yyzz 1
123 0 0pb9 1
124 0 0y6w 1
125 0 0hbcxzz 1
125 0 0dba 1
125 0 0dbb 1
125 0 bw20 1
125 0 bd13 1
126 0 bw40zzz 1
126 0 0fb0 1
127 0 0dj68zz 1
127 0 0db6 1
127 0 0djdxzz 1
128 0 0djdxzz 1
128 0 0dtp 1
128 0 3e1h78z 1
128 0 0djd8zz 1
129 0 0ft4 1
129 0 bf14 1
129 0 bw21 1
129 0 bf11 1
129 0 bw40zzz 1
129 0 bf45zzz 1
129 0 0f90 1
130 0 bw20 1
130 0 0djd8zz 1
130 0 0f90 1
130 0 0dtf 1
130 0 bw40zzz 1
131 0 0dj08zz 1
131 0 0djd8zz 1
131 0 bw40zzz 1
132 0 0cts 1
132 0 0cb7 1
133 0 0dj08zz 1
133 0 bw00zzz 1
133 0 0d77 1
133 0 0dt5 1
133 0 008q 1
134 0 cd171zz 1
134 0 0djd8zz 1
134 0 0dj68zz 1
134 0 0djdxzz 1
135 0 0fbg 1
135 0 0fjb8zz 1
135 0 0db9 1
135 0 bw40zzz 1
135 0 bw20 1
136 0 0wjg0zz 1
136 0 0dta 1
136 0 0dj68zz 1
136 0 0djd8zz 1
137 0 0dtg 1
137 0 bw20 1
138 0 bw20 1
138 0 0djd8zz 1
138 0 0bj08zz 1
138 0 bw24 1
138 0 bw03zzz 1
138 0 bw21 1
138 0 0dj68zz 1
138 0 0dtf 1
139 0 bw40zzz 1
139 0 bw20 1
139 0 0fb0 1
140 0 0dj08zz 1
140 0 0db5 1
141 0 0wjg4zz 1
141 0 bw21 1
141 0 bw41zzz 1
141 0 0djd8zz 1
142 0 0dqn 1
142 0 0djd8zz 1
143 0 bf11 1
143 0 0f1g 1
144 0 0db6 1
145 0 10e0xzz 1
145 0 bn0jzzz 1
146 0 0hb0xzx 1
146 0 0hb0xzz 1
146 0 0wjg0zz 1
146 0 0yq5 1
147 0 0cb1 1
148 0 0cb4 1
148 0 0cu4 1
149 0 0wb5 1
149 0 bn0jzzz 1
150 0 0b91 1
150 0 0b11 1
150 0 0bj08zz 1
150 0 07t2 1
150 0 07t1 1
150 0 bw2f 1
150 0 bw24 1
151 0 bn26 1
151 0 0nbt 1
152 0 0cb7 1
152 0 bw03zzz 1
153 0 d905 1
153 0 5a05 1
153 0 0nbt 1
153 0 bn0jzzz 1
153 0 0cb4 1
153 0 d915 1
153 0 0cb7 1
154 0 bw2f 1
154 0 09bk 1
154 0 03bm 1
155 0 0n8v 1
155 0 bn23 1
156 0 bn26 1
156 0 bw03zzz 1
157 0 bw2f 1
157 0 0j96 1
157 0 0c97 1
158 0 0cb4 1
159 0 bn25 1
159 0 0nbt 1
159 0 0nbv 1
160 0 0cb6 1
161 0 f13z 1
161 0 b030 1
161 0 bn20 1
161 0 3e0t3cz 1
162 0 bw3f 1
162 0 bw2f 1
162 0 b31r 1
162 0 0b11 1
163 0 bw03zzz 1
163 0 br39 1
163 0 bw24 1
164 0 b020 1
164 0 00b0 1
164 0 bn20 1
165 0 bn20 1
165 0 b030 1
165 0 009u 1
166 0 4a02x4z 1
166 0 b030 1
166 0 b020 1
167 0 bn20 1
167 0 0nu0 1
167 0 bn00zzz 1
167 0 bw2f 1
167 0 bw24 1
167 0 0nb0 1
168 0 0nb0 1
168 0 b030 1
168 0 b020 1
169 0 4a00 1
170 0 bw03zzz 1
170 0 3e0336z 1
171 0 0bym0z 1
172 0 bw03zzz 1
172 0 3e0f7gc 1
172 0 bb24 1
173 0 10d00z1 1
173 0 bw03zzz 1
173 0 4a02x4z 1
173 0 0wbc 1
173 0 0w9c 1
173 0 0wjc4zz 1
174 0 3e00xnz 1
174 0 00hv 1
175 0 b030 1
175 0 10e0xzz 1
176 0 3e0t3cz 1
176 0 0sr9 1
176 0 5a1d00z 1
177 0 3e04329 1
177 0 bn20 1
177 0 0qpg 1
178 0 br30 1
178 0 br39 1
178 0 br37 1
179 0 0bh1 1
179 0 0sb4 1
179 0 b020 1
180 0 bn20 1
181 0 4a02x4z 1
182 0 5a02 1
183 0 5a02 1
184 0 bw03zzz 1
184 0 bg44zzz 1
184 0 0gbg 1
184 0 bw2f 1
185 0 4a02x4z 1
185 0 02ya0z 1
185 0 3e0t3cz 1
185 0 bw03zzz 1
186 0 c010 1
186 0 b020 1
186 0 5a1d00z 1
186 0 bw40zzz 1
186 0 0bh1 1
186 0 6a550z3 1
186 0 0fb0 1
187 0 bb24 1
187 0 bw03zzz 1
187 0 0bjk8zz 1
188 0 bw03zzz 1
188 0 bw20 1
189 0 b030 1
189 0 3e0t3cz 1
189 0 4a02x4z 1
190 0 0vt3 1
190 0 0vb0 1
190 0 bw20 1
190 0 bw00zzz 1
190 0 bw40zzz 1
190 0 0vt0 1
191 0 bw20 1
191 0 bw40zzz 1
192 0 0fb0 1
192 0 0dj68zz 1
192 0 bw30 1
192 0 bw40zzz 1
193 0 bw03zzz 1
193 0 0bbc0zx 1
193 0 0b9c8zx 1
193 0 bw24 1
194 0 bw03zzz 1
195 0 0djd8zz 1
195 0 bw03zzz 1
195 0 0dbh 1
195 0 0dbe8zx 1
196 0 0f79 1
196 0 0fb2 1
196 0 bf11 1
196 0 bf45zzz 1
196 0 bf35 1
196 0 0f90 1
197 0 bf45zzz 1
198 0 bw40zzz 1
198 0 bw00zzz 1
198 0 0d78 1
198 0 0dtb0zz 1
199 0 bq00zzz 1
199 0 bw01zzz 1
200 0 bw03zzz 1
200 0 bn30 1
200 0 bw40zzz 1
200 0 10e0xzz 1
201 0 bq40zzz 1
201 0 bw30 1
201 0 bw01zzz 1
201 0 bw40zzz 1
201 0 bw03zzz 1
201 0 0q90 1
202 0 4a02x4z 1
203 0 bn30 1
204 0 4a02x4z 1
204 0 4a0f 1
204 0 10e0xzz 1
205 0 10e0xzz 1
205 0 f13zlzz 1
205 0 bw40zzz 1
206 0 b030 1
207 0 bn06zzz 1
207 0 bn26 1
208 0 bn0jzzz 1
209 0 bn26 1
209 0 0cbx 1
209 0 bn06zzz 1
209 0 bn0jzzz 1
210 0 bn0gzzz 1
210 0 0cb4 1
211 0 0ut2 1
211 0 bn20 1
211 0 0hb1xzx 1
212 0 bw2f 1
212 0 0d1l 1
212 0 0dbn8zz 1
212 0 bd24 1
212 0 0dbl 1
213 0 bn0jzzz 1
214 0 0crx 1
214 0 0cdwxz0 1
214 0 bn0gzzz 1
214 0 0crw 1
215 0 bn0jzzz 1
215 0 0cbw 1
215 0 0crw 1
216 0 bp0l 1
216 0 bp0m 1
217 0 b030 1
217 0 b03b 1
217 0 4a0fx3z 1
217 0 4a00x4z 1
217 0 6a550z3 1
218 0 bw21 1
218 0 bv44zzz 1
218 0 bw03zzz 1
218 0 0vt90zz 1
219 0 0qs9 1
219 0 2w37x1z 1
220 0 4a02x4z 1
220 0 3e0t3cz 1
220 0 02583zz 1
221 0 bq0mzzz 1
221 0 bq3m 1
221 0 0ut9 1
221 0 bq0lzzz 1
222 0 br0gzzz 1
222 0 cp151zz 1
223 0 e1m39z 1
223 0 5a1d 1
223 0 3e1m39z 1
223 0 bw00zzz 1
223 0 bw20 1
223 0 bw03zzz 1
